[0,-99.84]
[0,-99.84]
[0,-99.84]
[0,-99.86]
[0,-100.36]
[0,-100.36]
[0,-100.53]
[0,-100.53]
[0,-100.53]
[0,-100.64]
[0,-100.64]
[0,-100.55]
[0,-100.66]
[0,-100.66]
[0,-100.68]
[0,-101.2]
[0,-101.2]
[0,-100.66]
[0,-100.66]
[0,-100.66]
[0,-101.1]
[0,-101.1]
[0,-100.7]
[0,-100.7]
[0,-100.7]
[0,-100.72]
[0,-101.22]
[0,-101.22]
[0,-101.33]
[0,-101.33]
[0,-101.35]
[0,-101.93]
[0,-101.93]
[0,-101.37]
[0,-101.37]
[0,-101.37]
[0,-101.39]
[0,-101.49]
[0,-101.49]
[0,-101.81]
[0,-101.81]
[0,-101.83]
[0,-102.37]
[0,-102.37]
[0,-101.81]
[0,-101.81]
[0,-101.81]
[0,-102.02]
[0,-102.02]
[0,-101.83]
[0,-101.83]
[0,-101.83]
[0,-101.85]
[0,-102.42]
[0,-102.42]
[0,-101.85]
[0,-101.85]
[0,-101.85]
[0,-101.87]
[0,-102.06]
[0,-102.06]
[0,-102.39]
[0,-102.39]
[0,-102.42]
[0,-102.98]
[0,-102.98]
[0,-102.44]
[0,-102.44]
[0,-102.44]
[0,-102.58]
[0,-102.58]
[0,-102.48]
[0,-102.56]
[0,-102.56]
[0,-102.58]
[0,-103.15]
[0,-103.15]
[0,-102.6]
[0,-102.6]
[0,-102.6]
[0,-103.09]
[0,-103.09]
[0,-102.69]
[0,-102.69]
[0,-102.69]
[0,-102.71]
[0,-103.15]
[0,-103.15]
[0,-103.4]
[0,-103.4]
[0,-103.42]
[0,-103.99]
[0,-103.99]
[0,-103.92]
[0,-104.03]
[0,-104.03]
[0,-104.05]
[0,-104.62]
[0,-104.62]
[0,-104.05]
[0,-104.05]
[0,-104.05]
[0,-104.51]
[0,-104.51]
[0,-104.07]
[0,-104.07]
[0,-104.07]
[0,-104.09]
[0,-104.59]
[0,-104.59]
[0,-104.72]
[0,-104.72]
[0,-104.74]
[0,-105.31]
[0,-105.31]
[0,-104.72]
[0,-104.72]
[0,-104.72]
[0,-104.74]
[0,-104.91]
[0,-104.91]
[0,-105.22]
[0,-105.22]
[0,-105.24]
[0,-105.83]
[0,-105.83]
[0,-105.26]
[0,-105.26]
[0,-105.26]
[0,-105.47]
[0,-105.47]
[0,-105.33]
[0,-105.39]
[0,-105.39]
[0,-105.41]
[0,-106.0]
[0,-106.0]
[0,-105.47]
[0,-105.47]
[0,-105.47]
[0,-105.49]
[0,-105.66]
[0,-105.66]
[0,-106.04]
[0,-106.04]
[0,-106.06]
[0,-106.6]
[0,-106.6]
[0,-106.06]
[0,-106.06]
[0,-106.06]
[0,-106.25]
[0,-106.25]
[0,-106.16]
[0,-106.25]
[0,-106.25]
[0,-106.27]
[0,-106.84]
[0,-106.84]
[0,-106.37]
[0,-106.37]
[0,-106.37]
[0,-106.88]
[0,-106.88]
[0,-106.5]
[0,-106.5]
[0,-106.5]
[0,-106.52]
[0,-107.02]
[0,-107.02]
[0,-107.23]
[0,-107.23]
[0,-107.25]
[0,-107.84]
[0,-107.84]
[0,-107.3]
[0,-107.4]
[0,-107.4]
[0,-107.42]
[0,-107.99]
[0,-107.99]
[0,-107.42]
[0,-107.42]
[0,-107.42]
[0,-107.9]
[0,-107.9]
[0,-107.53]
[0,-107.53]
[0,-107.53]
[0,-107.55]
[0,-108.11]
[0,-108.11]
[0,-108.28]
[0,-108.28]
[0,-108.3]
[0,-108.82]
[0,-108.82]
[0,-108.3]
[0,-108.3]
[0,-108.3]
[0,-108.32]
[0,-108.45]
[0,-108.45]
[0,-108.72]
[0,-108.72]
[0,-108.74]
[0,-109.29]
[0,-109.29]
[0,-108.72]
[0,-108.72]
[0,-108.72]
[0,-108.97]
[0,-108.97]
[0,-108.82]
[0,-108.89]
[0,-108.89]
[0,-108.91]
[0,-109.45]
[0,-109.45]
[0,-108.87]
[0,-108.87]
[0,-108.87]
[0,-108.89]
[0,-109.06]
[0,-109.06]
[0,-109.39]
[0,-109.39]
[0,-109.41]
[0,-109.98]
[0,-109.98]
[0,-109.43]
[0,-109.43]
[0,-109.43]
[0,-109.62]
[0,-109.62]
[0,-109.54]
[0,-109.62]
[0,-109.62]
[0,-109.64]
[0,-110.21]
[0,-110.21]
[0,-109.77]
[0,-109.77]
[0,-109.77]
[0,-110.27]
[0,-110.27]
[0,-109.85]
[0,-109.85]
[0,-109.85]
[0,-109.87]
[0,-110.29]
[0,-110.29]
[0,-110.52]
[0,-110.52]
[0,-110.54]
[0,-111.13]
[0,-111.13]
[0,-110.54]
[0,-110.54]
[0,-110.54]
[0,-110.56]
[0,-111.15]
[0,-111.15]
[0,-110.58]
[0,-110.58]
[0,-110.58]
[0,-111.09]
[0,-111.09]
[0,-110.71]
[0,-110.71]
[0,-110.71]
[0,-110.73]
[0,-111.23]
[0,-111.23]
[0,-111.36]
[0,-111.36]
[0,-111.38]
[0,-111.95]
[0,-111.95]
[0,-111.34]
[0,-111.34]
[0,-111.34]
[0,-111.36]
[0,-111.51]
[0,-111.51]
[0,-111.82]
[0,-111.82]
[0,-111.84]
[0,-112.41]
[0,-112.41]
[0,-111.82]
[0,-111.82]
[0,-111.82]
[0,-112.07]
[0,-112.07]
[0,-111.92]
[0,-111.99]
[0,-111.99]
[0,-112.01]
[0,-112.57]
[0,-112.57]
[0,-112.18]
[0,-112.18]
[0,-112.18]
[0,-112.2]
[0,-112.39]
[0,-112.39]
[0,-112.76]
[0,-112.76]
[0,-112.78]
[0,-113.35]
[0,-113.35]
[0,-112.74]
[0,-112.74]
[0,-112.74]
[0,-112.97]
[0,-112.97]
[0,-112.89]
[0,-112.97]
[0,-112.97]
[0,-112.99]
[0,-113.58]
[0,-113.58]
[0,-113.16]
[0,-113.16]
[0,-113.16]
[0,-113.73]
[0,-113.73]
[0,-113.26]
[0,-113.26]
[0,-113.26]
[0,-113.29]
[0,-113.73]
[0,-113.73]
[0,-113.98]
[0,-113.98]
[0,-114.0]
[0,-114.54]
[0,-114.54]
[0,-113.94]
[0,-113.94]
[0,-113.94]
[0,-113.96]
[0,-114.04]
[0,-114.04]
[0,-113.56]
[0,-113.56]
[0,-113.56]
[0,-114.1]
[0,-114.1]
[0,-113.7]
[0,-113.7]
[0,-113.7]
[0,-113.73]
[0,-114.21]
[0,-114.21]
[0,-114.42]
[0,-114.42]
[0,-114.44]
[0,-115.02]
[0,-115.02]
[0,-114.44]
[0,-114.44]
[0,-114.44]
[0,-114.46]
[0,-114.58]
[0,-114.58]
[0,-114.9]
[0,-114.9]
[0,-114.92]
[0,-115.51]
[0,-115.51]
[0,-114.88]
[0,-114.88]
[0,-114.88]
[0,-115.15]
[0,-115.15]
[0,-114.98]
[0,-115.02]
[0,-115.02]
[0,-115.05]
[0,-115.65]
[0,-115.65]
[0,-115.32]
[0,-115.32]
[0,-115.32]
[0,-115.34]
[0,-115.48]
[0,-115.48]
[0,-115.88]
[0,-115.88]
[0,-115.9]
[0,-116.49]
[0,-116.49]
[0,-115.9]
[0,-115.9]
[0,-115.9]
[0,-116.13]
[0,-116.13]
[0,-116.03]
[0,-116.11]
[0,-116.11]
[0,-116.13]
[0,-116.72]
[0,-116.72]
[0,-116.34]
[0,-116.34]
[0,-116.34]
[0,-116.95]
[0,-116.95]
[0,-116.47]
[0,-116.47]
[0,-116.47]
[0,-116.49]
[0,-116.89]
[0,-116.89]
[0,-117.2]
[0,-117.2]
[0,-117.22]
[0,-117.81]
[0,-117.81]
[0,-117.24]
[0,-117.24]
[0,-117.24]
[0,-117.27]
[0,-117.35]
[0,-117.35]
[0,-117.62]
[0,-117.62]
[0,-117.62]
[0,-118.23]
[0,-118.23]
[0,-117.81]
[0,-117.81]
[0,-117.81]
[0,-117.83]
[0,-118.25]
[0,-118.25]
[0,-118.5]
[0,-118.5]
[0,-118.52]
[0,-119.11]
[0,-119.11]
[0,-118.52]
[0,-118.52]
[0,-118.52]
[0,-118.54]
[0,-118.63]
[0,-118.63]
[0,-118.92]
[0,-118.92]
[0,-118.94]
[0,-119.51]
[0,-119.51]
[0,-118.9]
[0,-118.9]
[0,-118.9]
[0,-119.19]
[0,-119.19]
[0,-119.05]
[0,-119.09]
[0,-119.09]
[0,-119.11]
[0,-119.69]
[0,-119.69]
[0,-119.44]
[0,-119.44]
[0,-119.46]
[0,-120.05]
[0,-120.05]
[0,-120.05]
[0,-120.36]
[0,-120.36]
[0,-120.39]
[0,-120.95]
[0,-120.95]
[0,-120.36]
[0,-120.36]
[0,-120.36]
[0,-120.64]
[0,-120.64]
[0,-120.53]
[0,-120.62]
[0,-120.62]
[0,-120.64]
[0,-121.2]
[0,-121.2]
[0,-120.89]
[0,-120.89]
[0,-120.89]
[0,-121.45]
[0,-121.45]
[0,-120.97]
[0,-120.97]
[0,-120.97]
[0,-120.99]
[0,-121.35]
[0,-121.35]
[0,-121.75]
[0,-121.75]
[0,-121.77]
[0,-122.35]
[0,-122.35]
[0,-121.75]
[0,-121.75]
[0,-121.75]
[0,-121.77]
[0,-121.81]
[0,-121.81]
[0,-122.04]
[0,-122.04]
[0,-122.04]
[0,-122.58]
[0,-122.58]
[0,-122.17]
[0,-122.17]
[0,-122.17]
[0,-122.19]
[0,-122.58]
[0,-122.58]
[0,-122.88]
[0,-122.88]
[0,-122.9]
[0,-123.46]
[0,-123.46]
[0,-122.88]
[0,-122.88]
[0,-122.88]
[0,-122.9]
[0,-122.98]
[0,-122.98]
[0,-123.28]
[0,-123.28]
[0,-123.3]
[0,-123.86]
[0,-123.86]
[0,-123.3]
[0,-123.3]
[0,-123.3]
[0,-123.63]
[0,-123.63]
[0,-123.46]
[0,-123.46]
[0,-123.46]
[0,-123.49]
[0,-124.07]
[0,-124.07]
[0,-123.88]
[0,-123.88]
[0,-123.9]
[0,-124.47]
[0,-124.47]
[0,-123.97]
[0,-123.97]
[0,-123.97]
[0,-123.99]
[0,-124.57]
[0,-124.57]
[0,-123.97]
[0,-123.97]
[0,-123.97]
[0,-124.28]
[0,-124.28]
[0,-124.16]
[0,-124.2]
[0,-124.2]
[0,-124.22]
[0,-124.81]
[0,-124.81]
[0,-124.53]
[0,-124.53]
[0,-124.55]
[0,-125.18]
[0,-125.18]
[0,-124.7]
[0,-124.7]
[0,-124.7]
[0,-124.72]
[0,-125.06]
[0,-125.06]
[0,-125.45]
[0,-125.45]
[0,-125.48]
[0,-126.06]
[0,-126.06]
[0,-125.5]
[0,-125.5]
[0,-125.5]
[0,-125.54]
[0,-125.54]
[0,-125.54]
[0,-125.77]
[0,-125.77]
[0,-125.79]
[0,-126.4]
[0,-126.4]
[0,-125.96]
[0,-125.96]
[0,-125.96]
[0,-125.98]
[0,-126.38]
[0,-126.38]
[0,-126.69]
[0,-126.69]
[0,-126.71]
[0,-127.3]
[0,-127.3]
[0,-126.73]
[0,-126.73]
[0,-126.73]
[0,-126.75]
[0,-126.82]
[0,-126.82]
[0,-127.07]
[0,-127.07]
[0,-127.09]
[0,-127.65]
[0,-127.65]
[0,-127.05]
[0,-127.05]
[0,-127.05]
[0,-127.42]
[0,-127.42]
[0,-127.23]
[0,-127.23]
[0,-127.23]
[0,-127.26]
[0,-127.84]
[0,-127.84]
[0,-127.7]
[0,-127.7]
[0,-127.72]
[0,-128.3]
[0,-128.3]
[0,-127.84]
[0,-127.84]
[0,-127.84]
[0,-127.86]
[0,-128.43]
[0,-128.43]
[0,-127.86]
[0,-127.86]
[0,-127.86]
[0,-128.2]
[0,-128.2]
[0,-128.03]
[0,-128.07]
[0,-128.07]
[0,-128.09]
[0,-128.64]
[0,-128.64]
[0,-128.45]
[0,-128.45]
[0,-128.47]
[0,-129.04]
[0,-129.04]
[0,-128.57]
[0,-128.57]
[0,-128.57]
[0,-128.6]
[0,-128.87]
[0,-128.87]
[0,-129.22]
[0,-129.22]
[0,-129.25]
[0,-129.85]
[0,-129.85]
[0,-129.27]
[0,-129.27]
[0,-129.27]
[0,-129.35]
[0,-129.35]
[0,-129.35]
[0,-129.58]
[0,-129.58]
[0,-129.6]
[0,-130.17]
[0,-130.17]
[0,-129.6]
[0,-129.6]
[0,-129.6]
[0,-129.62]
[0,-129.96]
[0,-129.96]
[0,-130.33]
[0,-130.33]
[0,-130.36]
[0,-130.92]
[0,-130.92]
[0,-130.36]
[0,-130.36]
[0,-130.36]
[0,-130.4]
[0,-130.4]
[0,-130.4]
[0,-130.63]
[0,-130.63]
[0,-130.65]
[0,-131.23]
[0,-131.23]
[0,-130.65]
[0,-130.65]
[0,-130.65]
[0,-131.07]
[0,-131.07]
[0,-130.86]
[0,-130.86]
[0,-130.86]
[0,-130.88]
[0,-131.4]
[0,-131.4]
[0,-131.3]
[0,-131.3]
[0,-131.32]
[0,-131.91]
[0,-131.91]
[0,-131.4]
[0,-131.4]
[0,-131.4]
[0,-131.42]
[0,-131.65]
[0,-131.65]
[0,-131.05]
[0,-131.05]
[0,-131.05]
[0,-131.4]
[0,-131.4]
[0,-131.23]
[0,-131.26]
[0,-131.26]
[0,-131.28]
[0,-131.84]
[0,-131.84]
[0,-131.65]
[0,-131.65]
[0,-131.67]
[0,-132.26]
[0,-132.26]
[0,-131.78]
[0,-131.78]
[0,-131.78]
[0,-131.8]
[0,-132.07]
[0,-132.07]
[0,-132.41]
[0,-132.41]
[0,-132.43]
[0,-133.02]
[0,-133.02]
[0,-132.45]
[0,-132.45]
[0,-132.45]
[0,-132.55]
[0,-132.55]
[0,-132.55]
[0,-132.74]
[0,-132.74]
[0,-132.76]
[0,-133.35]
[0,-133.35]
[0,-132.74]
[0,-132.74]
[0,-132.74]
[0,-133.22]
[0,-133.52]
[0,-133.52]
[0,-133.96]
[0,-133.96]
[0,-133.98]
[0,-134.54]
[0,-134.54]
[0,-133.94]
[0,-133.94]
[0,-133.94]
[0,-134.0]
[0,-134.0]
[0,-134.0]
[0,-134.23]
[0,-134.23]
[0,-134.25]
[0,-134.86]
[0,-134.86]
[0,-134.29]
[0,-134.29]
[0,-134.29]
[0,-134.73]
[0,-134.73]
[0,-134.52]
[0,-134.52]
[0,-134.52]
[0,-134.54]
[0,-135.13]
[0,-135.13]
[0,-135.03]
[0,-135.03]
[0,-135.05]
[0,-135.65]
[0,-135.65]
[0,-135.09]
[0,-135.09]
[0,-135.09]
[0,-135.11]
[0,-135.3]
[0,-135.3]
[0,-135.67]
[0,-135.67]
[0,-135.67]
[0,-136.07]
[0,-136.07]
[0,-135.88]
[0,-135.88]
[0,-135.88]
[0,-135.91]
[0,-136.51]
[0,-136.51]
[0,-136.32]
[0,-136.32]
[0,-136.35]
[0,-136.95]
[0,-136.95]
[0,-136.43]
[0,-136.43]
[0,-136.43]
[0,-136.45]
[0,-136.68]
[0,-136.68]
[0,-136.99]
[0,-136.99]
[0,-137.02]
[0,-137.58]
[0,-137.58]
[0,-136.99]
[0,-136.99]
[0,-136.99]
[0,-137.14]
[0,-137.14]
[0,-137.14]
[0,-137.33]
[0,-137.33]
[0,-137.35]
[0,-137.96]
[0,-137.96]
[0,-137.37]
[0,-137.37]
[0,-137.37]
[0,-137.89]
[0,-137.89]
[0,-137.62]
[0,-138.02]
[0,-138.02]
[0,-138.04]
[0,-138.59]
[0,-138.59]
[0,-138.0]
[0,-138.0]
[0,-138.0]
[0,-138.08]
[0,-138.08]
[0,-138.08]
[0,-138.29]
[0,-138.29]
[0,-138.31]
[0,-138.88]
[0,-138.88]
[0,-138.36]
[0,-138.36]
[0,-138.36]
[0,-138.8]
[0,-138.8]
[0,-138.59]
[0,-138.59]
[0,-138.59]
[0,-138.61]
[0,-139.13]
[0,-139.13]
[0,-139.13]
[0,-139.13]
[0,-139.15]
[0,-139.76]
[0,-139.76]
[0,-139.24]
[0,-139.24]
[0,-139.24]
[0,-139.26]
[0,-139.42]
[0,-139.42]
[0,-139.86]
[0,-139.86]
[0,-139.88]
[0,-140.43]
[0,-140.43]
[0,-140.22]
[0,-140.22]
[0,-140.22]
[0,-140.24]
[0,-140.81]
[0,-140.81]
[0,-140.72]
[0,-140.72]
[0,-140.74]
[0,-141.31]
[0,-141.31]
[0,-140.79]
[0,-140.79]
[0,-140.79]
[0,-140.81]
[0,-141.04]
[0,-141.04]
[0,-141.39]
[0,-141.39]
[0,-141.41]
[0,-142.0]
[0,-142.0]
[0,-141.46]
[0,-141.46]
[0,-141.46]
[0,-141.62]
[0,-141.62]
[0,-141.62]
[0,-141.75]
[0,-141.75]
[0,-141.77]
[0,-142.36]
[0,-142.36]
[0,-141.77]
[0,-141.77]
[0,-141.77]
[0,-142.29]
[0,-142.29]
[0,-141.98]
[0,-141.98]
[0,-141.98]
[0,-142.0]
[0,-142.54]
[0,-142.54]
[0,-141.94]
[0,-141.94]
[0,-141.94]
[0,-142.04]
[0,-142.04]
[0,-142.04]
[0,-142.21]
[0,-142.21]
[0,-142.23]
[0,-142.82]
[0,-142.82]
[0,-142.25]
[0,-142.25]
[0,-142.25]
[0,-142.75]
[0,-142.75]
[0,-142.46]
[0,-142.46]
[0,-142.46]
[0,-142.48]
[0,-142.98]
[0,-142.98]
[0,-142.96]
[0,-142.96]
[0,-142.98]
[0,-143.55]
[0,-143.55]
[0,-142.96]
[0,-142.96]
[0,-142.96]
[0,-142.98]
[0,-143.13]
[0,-143.13]
[0,-143.57]
[0,-143.57]
[0,-143.59]
[0,-144.2]
[0,-144.2]
[0,-143.63]
[0,-143.63]
[0,-143.63]
[0,-143.65]
[0,-144.22]
[0,-144.22]
[0,-144.14]
[0,-144.14]
[0,-144.16]
[0,-144.74]
[0,-144.74]
[0,-144.22]
[0,-144.22]
[0,-144.22]
[0,-144.24]
[0,-144.43]
[0,-144.43]
[0,-144.85]
[0,-144.85]
[0,-144.87]
[0,-145.43]
[0,-145.43]
[0,-144.83]
[0,-144.83]
[0,-144.83]
[0,-145.02]
[0,-145.02]
[0,-145.02]
[0,-145.14]
[0,-145.14]
[0,-145.16]
[0,-145.77]
[0,-145.77]
[0,-145.16]
[0,-145.16]
[0,-145.16]
[0,-145.71]
[0,-145.71]
[0,-145.37]
[0,-145.37]
[0,-145.37]
[0,-145.39]
[0,-145.85]
[0,-145.85]
[0,-145.25]
[0,-145.25]
[0,-145.25]
[0,-145.37]
[0,-145.37]
[0,-145.37]
[0,-145.56]
[0,-145.56]
[0,-145.58]
[0,-146.19]
[0,-146.19]
[0,-145.6]
[0,-145.6]
[0,-145.6]
[0,-146.13]
[0,-146.13]
[0,-145.85]
[0,-145.85]
[0,-145.85]
[0,-145.87]
[0,-146.38]
[0,-146.38]
[0,-146.4]
[0,-146.4]
[0,-146.42]
[0,-147.01]
[0,-147.01]
[0,-146.46]
[0,-146.46]
[0,-146.46]
[0,-146.48]
[0,-146.61]
[0,-146.61]
[0,-147.03]
[0,-147.03]
[0,-147.05]
[0,-147.63]
[0,-147.63]
[0,-147.05]
[0,-147.05]
[0,-147.05]
[0,-147.07]
[0,-147.59]
[0,-147.59]
[0,-147.57]
[0,-147.57]
[0,-147.59]
[0,-148.2]
[0,-148.2]
[0,-147.7]
[0,-147.7]
[0,-147.7]
[0,-147.72]
[0,-147.89]
[0,-147.89]
[0,-148.33]
[0,-148.33]
[0,-148.35]
[0,-148.93]
[0,-148.93]
[0,-148.37]
[0,-148.37]
[0,-148.37]
[0,-148.6]
[0,-148.6]
[0,-148.58]
[0,-148.7]
[0,-148.7]
[0,-148.72]
[0,-149.29]
[0,-149.29]
[0,-148.74]
[0,-148.74]
[0,-148.74]
[0,-149.25]
[0,-149.25]
[0,-148.89]
[0,-148.89]
[0,-148.89]
[0,-148.91]
[0,-149.33]
[0,-149.33]
[0,-149.5]
[0,-149.5]
[0,-149.5]
[0,-149.67]
[0,-149.67]
[0,-149.67]
[0,-149.83]
[0,-149.83]
[0,-149.85]
[0,-150.44]
[0,-150.44]
[0,-149.85]
[0,-149.85]
[0,-149.85]
[0,-150.38]
[0,-150.38]
[0,-150.08]
[0,-150.08]
[0,-150.08]
[0,-150.11]
[0,-150.59]
[0,-150.59]
[0,-150.69]
[0,-150.69]
[0,-150.71]
[0,-151.3]
[0,-151.3]
[0,-150.71]
[0,-150.71]
[0,-150.71]
[0,-150.73]
[0,-150.84]
[0,-150.84]
[0,-151.22]
[0,-151.22]
[0,-151.24]
[0,-151.84]
[0,-151.84]
[0,-151.26]
[0,-151.26]
[0,-151.26]
[0,-151.53]
[0,-151.53]
[0,-151.53]
[0,-151.53]
[0,-151.53]
[0,-151.55]
[0,-152.2]
[0,-152.2]
[0,-151.66]
[0,-151.66]
[0,-151.66]
[0,-151.68]
[0,-151.82]
[0,-151.82]
[0,-152.26]
[0,-152.26]
[0,-152.28]
[0,-152.87]
[0,-152.87]
[0,-152.28]
[0,-152.28]
[0,-152.28]
[0,-152.49]
[0,-152.49]
[0,-152.47]
[0,-152.6]
[0,-152.6]
[0,-152.62]
[0,-153.23]
[0,-153.23]
[0,-152.7]
[0,-152.7]
[0,-152.7]
[0,-153.27]
[0,-153.27]
[0,-152.89]
[0,-152.89]
[0,-152.89]
[0,-152.91]
[0,-153.33]
[0,-153.33]
[0,-153.52]
[0,-153.52]
[0,-153.52]
[0,-153.69]
[0,-153.69]
[0,-153.69]
[0,-153.83]
[0,-153.83]
[0,-153.85]
[0,-154.46]
[0,-154.46]
[0,-153.9]
[0,-153.9]
[0,-153.9]
[0,-154.42]
[0,-154.42]
[0,-154.08]
[0,-154.08]
[0,-154.08]
[0,-154.11]
[0,-154.57]
[0,-154.57]
[0,-154.73]
[0,-154.73]
[0,-154.75]
[0,-155.38]
[0,-155.38]
[0,-154.78]
[0,-154.78]
[0,-154.78]
[0,-154.8]
[0,-154.88]
[0,-154.88]
[0,-155.26]
[0,-155.26]
[0,-155.28]
[0,-155.89]
[0,-155.89]
[0,-155.28]
[0,-155.28]
[0,-155.28]
[0,-155.57]
[0,-155.57]
[0,-155.49]
[0,-155.57]
[0,-155.57]
[0,-155.59]
[0,-156.24]
[0,-156.24]
[0,-155.63]
[0,-155.63]
[0,-155.63]
[0,-155.66]
[0,-155.78]
[0,-155.78]
[0,-156.22]
[0,-156.22]
[0,-156.24]
[0,-156.85]
[0,-156.85]
[0,-156.24]
[0,-156.24]
[0,-156.24]
[0,-156.51]
[0,-156.51]
[0,-156.45]
[0,-156.54]
[0,-156.54]
[0,-156.56]
[0,-157.18]
[0,-157.18]
[0,-156.77]
[0,-156.77]
[0,-156.77]
[0,-157.39]
[0,-157.39]
[0,-157.0]
[0,-157.0]
[0,-157.0]
[0,-157.02]
[0,-157.39]
[0,-157.39]
[0,-157.71]
[0,-157.71]
[0,-157.73]
[0,-158.34]
[0,-158.34]
[0,-158.34]
[0,-158.44]
[0,-158.44]
[0,-158.46]
[0,-159.05]
[0,-159.05]
[0,-158.48]
[0,-158.48]
[0,-158.48]
[0,-159.03]
[0,-159.03]
[0,-158.69]
[0,-158.69]
[0,-158.69]
[0,-158.71]
[0,-159.11]
[0,-159.11]
[0,-159.3]
[0,-159.3]
[0,-159.32]
[0,-159.93]
[0,-159.93]
[0,-159.32]
[0,-159.32]
[0,-159.32]
[0,-159.34]
[0,-159.43]
[0,-159.43]
[0,-159.78]
[0,-159.78]
[0,-159.8]
[0,-160.37]
[0,-160.37]
[0,-159.8]
[0,-159.8]
[0,-159.8]
[0,-160.12]
[0,-160.12]
[0,-160.03]
[0,-160.12]
[0,-160.12]
[0,-160.14]
[0,-160.7]
[0,-160.7]
[0,-160.16]
[0,-160.16]
[0,-160.16]
[0,-160.18]
[0,-160.26]
[0,-160.26]
[0,-160.62]
[0,-160.62]
[0,-160.64]
[0,-161.21]
[0,-161.21]
[0,-160.62]
[0,-160.62]
[0,-160.62]
[0,-160.89]
[0,-160.89]
[0,-160.83]
[0,-160.91]
[0,-160.91]
[0,-160.93]
[0,-161.5]
[0,-161.5]
[0,-161.08]
[0,-161.08]
[0,-161.08]
[0,-161.65]
[0,-161.65]
[0,-161.23]
[0,-161.23]
[0,-161.23]
[0,-161.25]
[0,-161.6]
[0,-161.6]
[0,-161.92]
[0,-161.92]
[0,-161.94]
[0,-162.53]
[0,-162.53]
[0,-161.92]
[0,-161.92]
[0,-161.92]
[0,-161.94]
[0,-162.53]
[0,-162.53]
[0,-162.0]
[0,-162.0]
[0,-162.0]
[0,-162.53]
[0,-162.53]
[0,-162.15]
[0,-162.15]
[0,-162.15]
[0,-162.17]
[0,-162.57]
[0,-162.57]
[0,-162.8]
[0,-162.8]
[0,-162.82]
[0,-163.38]
[0,-163.38]
[0,-162.82]
[0,-162.82]
[0,-162.82]
[0,-162.84]
[0,-162.92]
[0,-162.92]
[0,-163.24]
[0,-163.24]
[0,-163.26]
[0,-163.84]
[0,-163.84]
[0,-163.28]
[0,-163.28]
[0,-163.28]
[0,-163.61]
[0,-163.61]
[0,-163.49]
[0,-163.55]
[0,-163.55]
[0,-163.57]
[0,-164.18]
[0,-164.18]
[0,-163.61]
[0,-163.61]
[0,-163.61]
[0,-163.64]
[0,-163.72]
[0,-163.72]
[0,-164.1]
[0,-164.1]
[0,-164.12]
[0,-164.7]
[0,-164.7]
[0,-164.14]
[0,-164.14]
[0,-164.14]
[0,-164.45]
[0,-164.45]
[0,-164.37]
[0,-164.45]
[0,-164.45]
[0,-164.47]
[0,-165.06]
[0,-165.06]
[0,-164.68]
[0,-164.68]
[0,-164.7]
[0,-165.27]
[0,-165.27]
[0,-164.83]
[0,-164.83]
[0,-164.83]
[0,-164.85]
[0,-165.18]
[0,-165.18]
[0,-165.52]
[0,-165.52]
[0,-165.54]
[0,-166.17]
[0,-166.17]
[0,-165.58]
[0,-165.58]
[0,-165.58]
[0,-165.65]
[0,-166.27]
[0,-166.27]
[0,-165.86]
[0,-165.86]
[0,-165.86]
[0,-166.46]
[0,-166.46]
[0,-166.06]
[0,-166.06]
[0,-166.06]
[0,-166.09]
[0,-166.46]
[0,-166.46]
[0,-166.71]
[0,-166.71]
[0,-166.73]
[0,-167.32]
[0,-167.32]
[0,-166.73]
[0,-166.73]
[0,-166.73]
[0,-166.76]
[0,-166.84]
[0,-166.84]
[0,-167.15]
[0,-167.15]
[0,-167.17]
[0,-167.76]
[0,-167.76]
[0,-167.17]
[0,-167.17]
[0,-167.17]
[0,-167.55]
[0,-167.55]
[0,-167.41]
[0,-167.49]
[0,-167.49]
[0,-167.51]
[0,-168.12]
[0,-168.12]
[0,-167.89]
[0,-167.89]
[0,-167.89]
[0,-167.91]
[0,-167.99]
[0,-167.99]
[0,-168.41]
[0,-168.41]
[0,-168.43]
[0,-169.0]
[0,-169.0]
[0,-168.45]
[0,-168.45]
[0,-168.45]
[0,-168.79]
[0,-168.79]
[0,-168.7]
[0,-168.81]
[0,-168.81]
[0,-168.83]
[0,-169.37]
[0,-169.37]
[0,-168.95]
[0,-168.95]
[0,-168.98]
[0,-169.52]
[0,-169.52]
[0,-169.06]
[0,-169.06]
[0,-169.06]
[0,-169.08]
[0,-169.44]
[0,-169.44]
[0,-169.77]
[0,-169.77]
[0,-169.79]
[0,-170.38]
[0,-170.38]
[0,-169.83]
[0,-169.83]
[0,-169.83]
[0,-169.88]
[0,-169.94]
[0,-169.94]
[0,-169.48]
[0,-169.48]
[0,-169.48]
[0,-170.06]
[0,-170.06]
[0,-169.73]
[0,-169.73]
[0,-169.73]
[0,-169.75]
[0,-170.19]
[0,-170.19]
[0,-170.38]
[0,-170.38]
[0,-170.4]
[0,-170.94]
[0,-170.94]
[0,-170.38]
[0,-170.38]
[0,-170.38]
[0,-170.4]
[0,-170.55]
[0,-170.55]
[0,-170.92]
[0,-170.92]
[0,-170.94]
[0,-171.51]
[0,-171.51]
[0,-170.9]
[0,-170.9]
[0,-170.9]
[0,-171.22]
[0,-171.22]
[0,-171.01]
[0,-171.09]
[0,-171.09]
[0,-171.11]
[0,-171.7]
[0,-171.7]
[0,-171.43]
[0,-171.43]
[0,-171.45]
[0,-172.05]
[0,-172.18]
[0,-172.18]
[0,-172.6]
[0,-172.6]
[0,-172.62]
[0,-173.21]
[0,-173.21]
[0,-172.62]
[0,-172.62]
[0,-172.62]
[0,-172.93]
[0,-172.93]
[0,-172.85]
[0,-172.96]
[0,-172.96]
[0,-172.98]
[0,-173.54]
[0,-173.54]
[0,-173.14]
[0,-173.14]
[0,-173.16]
[0,-173.75]
[0,-173.75]
[0,-173.29]
[0,-173.29]
[0,-173.29]
[0,-173.31]
[0,-173.69]
[0,-173.69]
[0,-174.02]
[0,-174.02]
[0,-174.04]
[0,-174.61]
[0,-174.61]
[0,-174.02]
[0,-174.02]
[0,-174.02]
[0,-174.07]
[0,-174.15]
[0,-174.15]
[0,-174.46]
[0,-174.46]
[0,-174.46]
[0,-175.07]
[0,-175.07]
[0,-174.67]
[0,-174.67]
[0,-174.67]
[0,-174.69]
[0,-175.11]
[0,-175.11]
[0,-175.38]
[0,-175.38]
[0,-175.41]
[0,-176.01]
[0,-176.01]
[0,-175.45]
[0,-175.45]
[0,-175.45]
[0,-175.47]
[0,-175.55]
[0,-175.55]
[0,-175.97]
[0,-175.97]
[0,-175.99]
[0,-176.6]
[0,-176.6]
[0,-176.03]
[0,-176.03]
[0,-176.03]
[0,-176.39]
[0,-176.39]
[0,-176.24]
[0,-176.33]
[0,-176.33]
[0,-176.35]
[0,-176.96]
[0,-176.96]
[0,-176.7]
[0,-176.7]
[0,-176.73]
[0,-177.31]
[0,-177.31]
[0,-176.83]
[0,-177.25]
[0,-177.25]
[0,-177.27]
[0,-177.86]
[0,-177.86]
[0,-177.29]
[0,-177.29]
[0,-177.29]
[0,-177.65]
[0,-177.65]
[0,-177.54]
[0,-177.67]
[0,-177.67]
[0,-177.69]
[0,-178.27]
[0,-178.27]
[0,-177.88]
[0,-177.88]
[0,-177.9]
[0,-178.46]
[0,-178.46]
[0,-178.02]
[0,-178.02]
[0,-178.02]
[0,-178.04]
[0,-178.4]
[0,-178.4]
[0,-178.69]
[0,-178.69]
[0,-178.71]
[0,-179.28]
[0,-179.28]
[0,-178.71]
[0,-178.71]
[0,-178.71]
[0,-178.78]
[0,-178.86]
[0,-178.86]
[0,-179.2]
[0,-179.2]
[0,-179.22]
[0,-179.8]
[0,-179.8]
[0,-179.45]
[0,-179.45]
[0,-179.45]
[0,-179.47]
[0,-179.89]
[0,-179.89]
[0,-180.08]
[0,-180.08]
[0,-180.1]
[0,-180.62]
[0,-180.62]
[0,-180.08]
[0,-180.08]
[0,-180.08]
[0,-180.16]
[0,-180.24]
[0,-180.24]
[0,-180.58]
[0,-180.58]
[0,-180.6]
[0,-181.12]
[0,-181.12]
[0,-180.56]
[0,-180.56]
[0,-180.56]
[0,-181.06]
[0,-181.06]
[0,-180.81]
[0,-180.91]
[0,-180.91]
[0,-180.93]
[0,-181.48]
[0,-181.48]
[0,-181.27]
[0,-181.27]
[0,-181.29]
[0,-181.86]
[0,-181.86]
[0,-181.37]
[0,-181.37]
[0,-181.37]
[0,-181.4]
[0,-181.94]
[0,-181.94]
[0,-181.37]
[0,-181.37]
[0,-181.37]
[0,-181.71]
[0,-181.71]
[0,-181.61]
[0,-181.73]
[0,-181.73]
[0,-181.75]
[0,-182.34]
[0,-182.34]
[0,-181.94]
[0,-181.94]
[0,-181.96]
[0,-182.53]
[0,-182.53]
[0,-182.09]
[0,-182.09]
[0,-182.09]
[0,-182.11]
[0,-182.46]
[0,-182.46]
[0,-182.78]
[0,-182.78]
[0,-182.8]
[0,-183.32]
[0,-183.32]
[0,-182.76]
[0,-182.76]
[0,-182.76]
[0,-182.84]
[0,-182.88]
[0,-182.88]
[0,-183.18]
[0,-183.18]
[0,-183.2]
[0,-183.74]
[0,-183.74]
[0,-183.18]
[0,-183.18]
[0,-183.18]
[0,-183.2]
[0,-183.57]
[0,-183.57]
[0,-183.87]
[0,-183.87]
[0,-183.89]
[0,-184.43]
[0,-184.43]
[0,-183.87]
[0,-183.87]
[0,-183.87]
[0,-183.89]
[0,-183.97]
[0,-183.97]
[0,-184.33]
[0,-184.33]
[0,-184.35]
[0,-184.94]
[0,-184.94]
[0,-184.37]
[0,-184.37]
[0,-184.37]
[0,-184.77]
[0,-184.77]
[0,-184.62]
[0,-184.7]
[0,-184.7]
[0,-184.73]
[0,-185.29]
[0,-185.29]
[0,-185.04]
[0,-185.04]
[0,-185.06]
[0,-185.63]
[0,-185.63]
[0,-185.14]
[0,-185.14]
[0,-185.14]
[0,-185.17]
[0,-185.46]
[0,-185.46]
[0,-184.87]
[0,-184.87]
[0,-184.87]
[0,-185.19]
[0,-185.19]
[0,-185.1]
[0,-185.19]
[0,-185.19]
[0,-185.21]
[0,-185.79]
[0,-185.79]
[0,-185.46]
[0,-185.46]
[0,-185.48]
[0,-186.05]
[0,-186.05]
[0,-185.61]
[0,-185.61]
[0,-185.61]
[0,-185.63]
[0,-185.98]
[0,-185.98]
[0,-186.34]
[0,-186.34]
[0,-186.36]
[0,-186.92]
[0,-186.92]
[0,-186.36]
[0,-186.36]
[0,-186.36]
[0,-186.4]
[0,-186.4]
[0,-186.4]
[0,-186.67]
[0,-186.67]
[0,-186.69]
[0,-187.26]
[0,-187.26]
[0,-186.69]
[0,-186.69]
[0,-186.69]
[0,-186.72]
[0,-187.09]
[0,-187.09]
[0,-187.34]
[0,-187.34]
[0,-187.36]
[0,-187.93]
[0,-187.93]
[0,-187.36]
[0,-187.36]
[0,-187.36]
[0,-187.39]
[0,-187.47]
[0,-187.47]
[0,-187.78]
[0,-187.78]
[0,-187.8]
[0,-188.33]
[0,-188.33]
[0,-187.78]
[0,-187.78]
[0,-187.78]
[0,-188.14]
[0,-188.14]
[0,-187.99]
[0,-188.08]
[0,-188.08]
[0,-188.1]
[0,-188.62]
[0,-188.62]
[0,-188.45]
[0,-188.45]
[0,-188.47]
[0,-189.02]
[0,-189.02]
[0,-188.58]
[0,-188.58]
[0,-188.58]
[0,-188.6]
[0,-188.85]
[0,-188.85]
[0,-189.23]
[0,-189.23]
[0,-189.23]
[0,-189.54]
[0,-189.54]
[0,-189.46]
[0,-189.54]
[0,-189.54]
[0,-189.56]
[0,-190.15]
[0,-190.15]
[0,-189.86]
[0,-189.86]
[0,-189.88]
[0,-190.4]
[0,-190.4]
[0,-189.98]
[0,-189.98]
[0,-189.98]
[0,-190.0]
[0,-190.32]
[0,-190.32]
[0,-190.67]
[0,-190.67]
[0,-190.69]
[0,-191.26]
[0,-191.26]
[0,-190.67]
[0,-190.67]
[0,-190.67]
[0,-190.72]
[0,-190.72]
[0,-190.72]
[0,-190.99]
[0,-190.99]
[0,-191.01]
[0,-191.57]
[0,-191.57]
[0,-190.97]
[0,-190.97]
[0,-190.97]
[0,-191.36]
[0,-191.36]
[0,-191.36]
[0,-191.66]
[0,-191.66]
[0,-191.68]
[0,-192.24]
[0,-192.24]
[0,-191.66]
[0,-191.66]
[0,-191.66]
[0,-191.68]
[0,-191.76]
[0,-191.76]
[0,-192.12]
[0,-192.12]
[0,-192.14]
[0,-192.73]
[0,-192.73]
[0,-192.14]
[0,-192.14]
[0,-192.14]
[0,-192.52]
[0,-192.52]
[0,-192.37]
[0,-192.45]
[0,-192.45]
[0,-192.47]
[0,-193.06]
[0,-193.06]
[0,-192.87]
[0,-192.87]
[0,-192.89]
[0,-193.46]
[0,-193.46]
[0,-192.98]
[0,-192.98]
[0,-192.98]
[0,-193.0]
[0,-193.27]
[0,-193.27]
[0,-193.69]
[0,-193.69]
[0,-193.69]
[0,-194.0]
[0,-194.0]
[0,-193.92]
[0,-194.0]
[0,-194.0]
[0,-194.02]
[0,-194.59]
[0,-194.59]
[0,-194.28]
[0,-194.28]
[0,-194.3]
[0,-194.86]
[0,-194.86]
[0,-194.42]
[0,-194.42]
[0,-194.42]
[0,-194.44]
[0,-194.76]
[0,-194.76]
[0,-195.13]
[0,-195.13]
[0,-195.16]
[0,-195.76]
[0,-195.76]
[0,-195.16]
[0,-195.16]
[0,-195.16]
[0,-195.22]
[0,-195.22]
[0,-195.22]
[0,-195.53]
[0,-195.53]
[0,-195.55]
[0,-196.2]
[0,-196.2]
[0,-195.64]
[0,-195.64]
[0,-195.64]
[0,-196.08]
[0,-196.08]
[0,-195.89]
[0,-195.91]
[0,-195.91]
[0,-195.93]
[0,-196.54]
[0,-196.54]
[0,-195.93]
[0,-195.93]
[0,-195.93]
[0,-195.95]
[0,-196.04]
[0,-196.04]
[0,-196.35]
[0,-196.35]
[0,-196.37]
[0,-196.96]
[0,-196.96]
[0,-196.37]
[0,-196.37]
[0,-196.37]
[0,-196.75]
[0,-196.75]
[0,-196.6]
[0,-196.68]
[0,-196.68]
[0,-196.71]
[5,-197.29]
[5,-197.29]
[5,-197.04]
[5,-197.04]
[5,-197.06]
[5,-197.63]
[5,-197.63]
[5,-197.15]
[5,-197.15]
[5,-197.15]
[5,-197.17]
[5,-197.44]
[5,-197.44]
[5,-197.86]
[5,-197.86]
[5,-197.88]
[5,-198.42]
[5,-198.42]
[5,-198.34]
[5,-198.42]
[5,-198.42]
[5,-198.44]
[5,-199.01]
[5,-199.01]
[5,-198.74]
[5,-198.74]
[5,-198.76]
[5,-199.32]
[5,-199.32]
[5,-198.88]
[5,-198.88]
[5,-198.88]
[5,-198.9]
[5,-199.22]
[5,-199.22]
[5,-199.6]
[5,-199.6]
[5,-199.62]
[5,-200.2]
[5,-200.2]
[5,-199.68]
[5,-199.68]
[5,-199.68]
[5,-199.72]
[5,-199.72]
[5,-199.72]
[5,-200.01]
[5,-200.01]
[5,-200.04]
[5,-200.56]
[5,-200.56]
[5,-199.99]
[5,-199.99]
[5,-199.99]
[5,-200.41]
[5,-200.41]
[5,-200.2]
[5,-200.22]
[5,-200.22]
[5,-200.25]
[5,-200.81]
[5,-200.81]
[5,-200.29]
[5,-200.29]
[5,-200.29]
[5,-200.31]
[5,-200.39]
[5,-200.39]
[5,-200.66]
[5,-200.66]
[5,-200.68]
[5,-201.21]
[5,-201.21]
[5,-200.64]
[5,-200.64]
[5,-200.64]
[5,-201.0]
[5,-201.0]
[5,-200.83]
[5,-200.89]
[5,-200.89]
[5,-200.92]
[5,-201.46]
[5,-201.46]
[5,-201.27]
[5,-201.27]
[5,-201.29]
[5,-201.86]
[5,-201.86]
[5,-201.4]
[5,-201.4]
[5,-201.4]
[5,-201.42]
[5,-201.69]
[5,-201.69]
[5,-202.09]
[5,-202.09]
[5,-202.11]
[5,-202.67]
[5,-202.67]
[5,-202.11]
[5,-202.11]
[5,-202.11]
[5,-202.13]
[5,-202.7]
[5,-202.7]
[5,-202.44]
[5,-202.44]
[5,-202.47]
[5,-203.03]
[5,-203.03]
[5,-202.61]
[5,-202.61]
[5,-202.61]
[5,-202.63]
[5,-202.95]
[5,-202.95]
[5,-203.32]
[5,-203.32]
[5,-203.34]
[5,-203.91]
[5,-203.91]
[5,-203.34]
[5,-203.34]
[5,-203.34]
[5,-203.39]
[5,-203.39]
[5,-203.39]
[5,-203.66]
[5,-203.66]
[5,-203.68]
[5,-204.22]
[5,-204.22]
[5,-203.66]
[5,-203.66]
[5,-203.66]
[5,-204.08]
[5,-204.08]
[5,-203.89]
[5,-203.91]
[5,-203.91]
[5,-203.93]
[5,-204.5]
[5,-204.5]
[5,-203.93]
[5,-203.93]
[5,-203.93]
[5,-203.95]
[5,-204.04]
[5,-204.04]
[5,-204.35]
[5,-204.35]
[5,-204.37]
[5,-204.94]
[5,-204.94]
[5,-204.37]
[5,-204.37]
[5,-204.37]
[5,-204.75]
[5,-204.75]
[5,-204.6]
[5,-204.69]
[5,-204.69]
[5,-204.71]
[5,-205.27]
[5,-205.27]
[5,-205.06]
[5,-205.06]
[5,-205.08]
[5,-205.63]
[5,-205.63]
[5,-205.15]
[5,-205.15]
[5,-205.15]
[5,-205.17]
[5,-205.44]
[5,-205.44]
[5,-205.86]
[5,-205.86]
[5,-205.88]
[5,-206.42]
[5,-206.42]
[5,-205.86]
[5,-205.86]
[5,-205.86]
[5,-205.96]
[5,-206.55]
[5,-206.55]
[5,-206.24]
[5,-206.24]
[5,-206.26]
[5,-206.82]
[5,-206.82]
[5,-206.4]
[5,-206.4]
[5,-206.4]
[5,-206.42]
[5,-206.74]
[5,-206.74]
[5,-207.09]
[5,-207.09]
[5,-207.11]
[5,-207.68]
[5,-207.68]
[5,-207.14]
[5,-207.14]
[5,-207.14]
[5,-207.2]
[5,-207.2]
[5,-207.2]
[5,-207.47]
[5,-207.47]
[5,-207.49]
[5,-208.06]
[5,-208.06]
[5,-207.53]
[5,-207.53]
[5,-207.53]
[5,-207.97]
[5,-207.97]
[5,-207.76]
[5,-207.78]
[5,-207.78]
[5,-207.81]
[5,-208.35]
[5,-208.35]
[5,-208.29]
[5,-208.29]
[5,-208.29]
[5,-208.31]
[5,-208.39]
[5,-208.39]
[5,-208.71]
[5,-208.71]
[5,-208.73]
[5,-209.27]
[5,-209.27]
[5,-208.71]
[5,-208.71]
[5,-208.71]
[5,-209.06]
[5,-209.06]
[5,-208.92]
[5,-209.0]
[5,-209.0]
[5,-209.02]
[5,-209.57]
[5,-209.57]
[5,-209.36]
[5,-209.36]
[5,-209.38]
[5,-209.92]
[5,-209.92]
[5,-209.46]
[5,-209.46]
[5,-209.46]
[5,-209.48]
[5,-209.73]
[5,-209.73]
[5,-210.13]
[5,-210.13]
[5,-210.15]
[5,-210.74]
[5,-210.74]
[5,-210.17]
[5,-210.17]
[5,-210.17]
[5,-210.28]
[5,-210.28]
[5,-210.28]
[5,-210.03]
[5,-210.03]
[5,-210.05]
[5,-210.61]
[5,-210.61]
[5,-210.21]
[5,-210.21]
[5,-210.21]
[5,-210.24]
[5,-210.53]
[5,-210.53]
[5,-210.91]
[5,-210.91]
[5,-210.93]
[5,-211.49]
[5,-211.49]
[5,-210.91]
[5,-210.91]
[5,-210.91]
[5,-210.97]
[5,-210.97]
[5,-210.97]
[5,-211.22]
[5,-211.22]
[5,-211.24]
[5,-211.83]
[5,-211.83]
[5,-211.26]
[5,-211.26]
[5,-211.26]
[5,-211.68]
[5,-211.68]
[5,-211.49]
[5,-211.49]
[5,-211.49]
[5,-211.51]
[5,-212.12]
[5,-212.12]
[5,-211.99]
[5,-211.99]
[5,-212.02]
[5,-212.58]
[5,-212.66]
[5,-212.66]
[5,-212.98]
[5,-212.98]
[5,-213.0]
[5,-213.54]
[5,-213.54]
[5,-212.94]
[5,-212.94]
[5,-212.94]
[5,-213.31]
[5,-213.31]
[5,-213.17]
[5,-213.23]
[5,-213.23]
[5,-213.25]
[5,-213.86]
[5,-213.86]
[5,-213.67]
[5,-213.67]
[5,-213.69]
[5,-214.28]
[5,-214.28]
[5,-213.82]
[5,-213.82]
[5,-213.82]
[5,-213.84]
[5,-214.11]
[5,-214.11]
[5,-214.53]
[5,-214.53]
[5,-214.55]
[5,-215.18]
[5,-215.18]
[5,-214.59]
[5,-214.59]
[5,-214.59]
[5,-214.72]
[5,-214.72]
[5,-214.72]
[5,-214.97]
[5,-214.97]
[5,-214.99]
[5,-215.58]
[5,-215.58]
[5,-215.09]
[5,-215.09]
[5,-215.09]
[5,-215.12]
[5,-215.47]
[5,-215.47]
[5,-215.87]
[5,-215.87]
[5,-215.89]
[5,-216.48]
[5,-216.48]
[5,-215.91]
[5,-215.91]
[5,-215.91]
[5,-216.02]
[5,-216.02]
[5,-216.02]
[5,-216.31]
[5,-216.31]
[5,-216.33]
[5,-216.92]
[5,-216.92]
[5,-216.33]
[5,-216.33]
[5,-216.33]
[5,-216.81]
[5,-216.81]
[5,-216.58]
[5,-216.62]
[5,-216.62]
[5,-216.64]
[5,-217.23]
[5,-217.23]
[5,-217.15]
[5,-217.15]
[5,-217.17]
[5,-217.75]
[5,-217.75]
[5,-217.21]
[5,-217.52]
[5,-217.52]
[5,-217.54]
[5,-218.15]
[5,-218.15]
[5,-217.57]
[5,-217.57]
[5,-217.57]
[5,-218.03]
[5,-218.03]
[5,-217.84]
[5,-217.92]
[5,-217.92]
[5,-217.94]
[5,-218.53]
[5,-218.53]
[5,-218.36]
[5,-218.36]
[5,-218.38]
[5,-218.93]
[5,-218.93]
[5,-218.45]
[5,-218.45]
[5,-218.45]
[5,-218.47]
[5,-218.74]
[5,-218.74]
[5,-219.14]
[5,-219.14]
[5,-219.16]
[5,-219.74]
[5,-219.74]
[5,-219.16]
[5,-219.16]
[5,-219.16]
[5,-219.35]
[5,-219.35]
[5,-219.35]
[5,-219.6]
[5,-219.6]
[5,-219.62]
[5,-220.2]
[5,-220.2]
[5,-219.76]
[5,-219.76]
[5,-219.76]
[5,-219.79]
[5,-220.12]
[5,-220.12]
[5,-220.52]
[5,-220.52]
[5,-220.54]
[5,-221.13]
[5,-221.13]
[5,-220.54]
[5,-220.54]
[5,-220.54]
[5,-220.64]
[5,-220.67]
[5,-220.67]
[5,-220.96]
[5,-220.96]
[5,-220.98]
[5,-221.52]
[5,-221.52]
[5,-220.92]
[5,-220.92]
[5,-220.92]
[5,-221.34]
[5,-221.34]
[5,-221.13]
[5,-221.17]
[5,-221.17]
[5,-221.19]
[5,-221.78]
[5,-221.78]
[5,-221.63]
[5,-221.63]
[5,-221.65]
[5,-222.26]
[5,-222.26]
[5,-221.73]
[5,-221.73]
[5,-221.73]
[5,-221.75]
[5,-222.36]
[5,-222.36]
[5,-221.78]
[5,-221.78]
[5,-221.78]
[5,-222.17]
[5,-222.17]
[5,-222.03]
[5,-222.11]
[5,-222.11]
[5,-222.13]
[5,-222.72]
[5,-222.72]
[5,-222.51]
[5,-222.51]
[5,-222.53]
[5,-223.14]
[5,-223.14]
[5,-222.63]
[5,-222.63]
[5,-222.63]
[5,-222.66]
[5,-222.95]
[5,-222.95]
[5,-223.39]
[5,-223.39]
[5,-223.41]
[5,-224.0]
[5,-224.0]
[5,-223.45]
[5,-223.45]
[5,-223.45]
[5,-223.62]
[5,-223.62]
[5,-223.62]
[5,-223.87]
[5,-223.87]
[5,-223.89]
[5,-224.46]
[5,-224.46]
[5,-223.87]
[5,-223.87]
[5,-223.87]
[5,-223.89]
[5,-224.25]
[5,-224.25]
[5,-224.69]
[5,-224.69]
[5,-224.71]
[5,-225.29]
[5,-225.29]
[5,-224.69]
[5,-224.69]
[5,-224.69]
[5,-224.79]
[5,-224.83]
[5,-224.83]
[5,-225.15]
[5,-225.15]
[5,-225.17]
[5,-225.78]
[5,-225.78]
[5,-225.19]
[5,-225.19]
[5,-225.19]
[5,-225.69]
[5,-225.69]
[5,-225.48]
[5,-225.52]
[5,-225.52]
[5,-225.55]
[5,-226.19]
[5,-226.19]
[5,-226.07]
[5,-226.07]
[5,-226.09]
[5,-226.66]
[5,-226.66]
[5,-226.13]
[5,-226.13]
[5,-226.13]
[5,-226.15]
[5,-226.38]
[5,-226.38]
[5,-225.82]
[5,-225.82]
[5,-225.82]
[5,-226.24]
[5,-226.24]
[5,-226.05]
[5,-226.13]
[5,-226.13]
[5,-226.15]
[5,-226.76]
[5,-226.76]
[5,-226.55]
[5,-226.55]
[5,-226.57]
[5,-227.18]
[5,-227.18]
[5,-226.7]
[5,-226.7]
[5,-226.7]
[5,-226.72]
[5,-227.01]
[5,-227.01]
[5,-227.41]
[5,-227.41]
[5,-227.43]
[5,-228.02]
[5,-228.02]
[5,-227.47]
[5,-227.47]
[5,-227.47]
[5,-227.66]
[5,-227.66]
[5,-227.66]
[5,-227.91]
[5,-227.91]
[5,-227.93]
[5,-228.52]
[5,-228.52]
[5,-227.93]
[5,-227.93]
[5,-227.93]
[5,-227.95]
[5,-228.31]
[5,-228.31]
[5,-228.71]
[5,-228.71]
[5,-228.73]
[5,-229.29]
[5,-229.29]
[5,-228.71]
[5,-228.71]
[5,-228.71]
[5,-228.81]
[5,-228.83]
[5,-228.83]
[5,-229.13]
[5,-229.13]
[5,-229.15]
[5,-229.76]
[5,-229.76]
[5,-229.17]
[5,-229.17]
[5,-229.17]
[5,-229.67]
[5,-229.67]
[5,-229.46]
[5,-229.52]
[5,-229.52]
[5,-229.55]
[5,-230.17]
[5,-230.17]
[5,-230.11]
[5,-230.11]
[5,-230.13]
[5,-230.7]
[5,-230.7]
[5,-230.22]
[5,-230.22]
[5,-230.22]
[5,-230.24]
[5,-230.47]
[5,-230.47]
[5,-230.84]
[5,-230.84]
[5,-230.84]
[5,-231.24]
[5,-231.24]
[5,-231.05]
[5,-231.14]
[5,-231.14]
[5,-231.16]
[5,-231.74]
[5,-231.74]
[5,-231.58]
[5,-231.58]
[5,-231.6]
[5,-232.16]
[5,-232.16]
[5,-231.66]
[5,-231.66]
[5,-231.66]
[5,-231.68]
[5,-231.98]
[5,-231.98]
[5,-232.37]
[5,-232.37]
[5,-232.39]
[5,-232.98]
[5,-232.98]
[5,-232.42]
[5,-232.42]
[5,-232.42]
[5,-232.58]
[5,-232.58]
[5,-232.58]
[5,-232.83]
[5,-232.83]
[5,-232.85]
[5,-233.44]
[5,-233.44]
[5,-232.85]
[5,-232.85]
[5,-232.85]
[5,-233.38]
[5,-233.38]
[5,-233.38]
[5,-233.78]
[5,-233.78]
[5,-233.8]
[5,-234.34]
[5,-234.34]
[5,-233.76]
[5,-233.76]
[5,-233.76]
[5,-233.88]
[5,-233.92]
[5,-233.92]
[5,-234.24]
[5,-234.24]
[5,-234.26]
[5,-234.84]
[5,-234.84]
[5,-234.28]
[5,-234.28]
[5,-234.28]
[5,-234.78]
[5,-234.78]
[5,-234.57]
[5,-234.61]
[5,-234.61]
[5,-234.64]
[5,-235.22]
[5,-235.22]
[5,-235.12]
[5,-235.12]
[5,-235.14]
[5,-235.75]
[5,-235.75]
[5,-235.18]
[5,-235.18]
[5,-235.18]
[5,-235.2]
[5,-235.47]
[5,-235.47]
[5,-235.93]
[5,-235.93]
[5,-235.93]
[5,-236.44]
[5,-236.44]
[5,-236.23]
[5,-236.31]
[5,-236.31]
[5,-236.33]
[5,-236.92]
[5,-236.92]
[5,-236.75]
[5,-236.75]
[5,-236.77]
[5,-237.36]
[5,-237.36]
[5,-236.83]
[5,-236.83]
[5,-236.83]
[5,-236.86]
[5,-237.15]
[5,-237.15]
[5,-237.59]
[5,-237.59]
[5,-237.61]
[5,-238.2]
[5,-238.2]
[5,-237.65]
[5,-237.65]
[5,-237.65]
[5,-237.9]
[5,-237.9]
[5,-237.9]
[5,-238.2]
[5,-238.2]
[5,-238.22]
[5,-238.78]
[5,-238.78]
[5,-238.24]
[5,-238.24]
[5,-238.24]
[5,-238.74]
[5,-238.74]
[5,-238.43]
[5,-238.47]
[5,-238.47]
[5,-238.49]
[5,-239.05]
[5,-239.05]
[5,-238.47]
[5,-238.47]
[5,-238.47]
[5,-238.64]
[5,-238.72]
[5,-238.72]
[5,-239.08]
[5,-239.08]
[5,-239.1]
[5,-239.66]
[5,-239.66]
[5,-239.08]
[5,-239.08]
[5,-239.08]
[5,-239.56]
[5,-239.56]
[5,-239.28]
[5,-239.37]
[5,-239.37]
[5,-239.39]
[5,-239.98]
[5,-239.98]
[5,-239.87]
[5,-239.87]
[5,-239.89]
[5,-240.46]
[5,-240.46]
[5,-239.89]
[5,-239.89]
[5,-239.89]
[5,-239.91]
[5,-240.21]
[5,-240.21]
[5,-240.65]
[5,-240.65]
[5,-240.67]
[5,-241.23]
[5,-241.23]
[5,-241.02]
[5,-241.15]
[5,-241.15]
[5,-241.17]
[5,-241.76]
[5,-241.76]
[5,-241.55]
[5,-241.55]
[5,-241.57]
[5,-242.17]
[5,-242.17]
[5,-241.67]
[5,-241.67]
[5,-241.67]
[5,-241.69]
[5,-241.99]
[5,-241.99]
[5,-242.41]
[5,-242.41]
[5,-242.43]
[5,-243.01]
[5,-243.01]
[5,-242.45]
[5,-242.45]
[5,-242.45]
[5,-242.66]
[5,-242.66]
[5,-242.66]
[5,-242.95]
[5,-242.95]
[5,-242.97]
[5,-243.56]
[5,-243.56]
[5,-242.95]
[5,-242.95]
[5,-242.95]
[5,-243.49]
[5,-243.49]
[5,-243.2]
[5,-243.24]
[5,-243.24]
[5,-243.26]
[5,-243.85]
[5,-243.85]
[5,-243.26]
[5,-243.26]
[5,-243.26]
[5,-243.39]
[5,-243.41]
[5,-243.41]
[5,-243.75]
[5,-243.75]
[5,-243.77]
[5,-244.35]
[5,-244.35]
[5,-243.75]
[5,-243.75]
[5,-243.75]
[5,-244.29]
[5,-244.29]
[5,-244.04]
[5,-244.12]
[5,-244.12]
[5,-244.14]
[5,-244.73]
[5,-244.73]
[5,-244.6]
[5,-244.6]
[5,-244.63]
[5,-245.21]
[5,-245.21]
[5,-244.67]
[5,-244.67]
[5,-244.67]
[5,-244.69]
[5,-244.94]
[5,-244.94]
[5,-245.4]
[5,-245.4]
[5,-245.42]
[5,-246.03]
[5,-246.03]
[5,-245.46]
[5,-245.46]
[5,-245.46]
[5,-245.48]
[5,-246.07]
[5,-246.07]
[5,-245.92]
[5,-245.92]
[5,-245.94]
[5,-246.55]
[5,-246.55]
[5,-245.94]
[5,-245.94]
[5,-245.94]
[5,-245.97]
[5,-246.32]
[5,-246.32]
[5,-246.74]
[5,-246.74]
[5,-246.76]
[5,-247.35]
[5,-247.35]
[5,-246.74]
[5,-246.74]
[5,-246.74]
[5,-247.05]
[5,-247.05]
[5,-247.03]
[5,-247.33]
[5,-247.33]
[5,-247.35]
[5,-247.96]
[5,-247.96]
[5,-247.37]
[5,-247.37]
[5,-247.37]
[5,-247.98]
[5,-247.98]
[5,-247.68]
[5,-247.73]
[5,-247.73]
[5,-247.75]
[5,-248.35]
[5,-248.35]
[5,-247.77]
[5,-247.77]
[5,-247.77]
[5,-247.96]
[5,-248.02]
[5,-248.02]
[5,-248.31]
[5,-248.31]
[5,-248.33]
[5,-248.9]
[5,-248.9]
[5,-248.35]
[5,-248.35]
[5,-248.35]
[5,-248.88]
[5,-248.88]
[5,-248.6]
[5,-248.67]
[5,-248.67]
[5,-248.69]
[5,-249.25]
[5,-249.25]
[5,-249.23]
[5,-249.23]
[5,-249.25]
[5,-249.86]
[5,-249.86]
[5,-249.3]
[5,-249.3]
[5,-249.3]
[5,-249.32]
[5,-249.57]
[5,-249.57]
[5,-250.11]
[5,-250.11]
[5,-250.13]
[5,-250.72]
[5,-250.72]
[5,-250.13]
[5,-250.13]
[5,-250.13]
[5,-250.53]
[5,-251.14]
[5,-251.14]
[5,-250.99]
[5,-250.99]
[5,-251.01]
[5,-251.6]
[5,-251.6]
[5,-251.01]
[5,-251.01]
[5,-251.01]
[5,-251.03]
[5,-251.35]
[5,-251.35]
[5,-251.81]
[5,-251.81]
[5,-251.83]
[5,-252.42]
[5,-252.42]
[5,-251.81]
[5,-251.81]
[5,-251.81]
[5,-252.1]
[5,-252.1]
[5,-252.08]
[5,-252.4]
[5,-252.4]
[5,-252.42]
[5,-253.02]
[5,-253.02]
[5,-252.44]
[5,-252.44]
[5,-252.46]
[5,-253.07]
[5,-253.07]
[5,-252.71]
[5,-252.71]
[5,-252.71]
[5,-252.73]
[5,-253.32]
[5,-253.32]
[5,-253.38]
[5,-253.38]
[5,-253.38]
[5,-253.59]
[5,-253.61]
[5,-253.61]
[5,-253.95]
[5,-253.95]
[5,-253.97]
[5,-254.57]
[5,-254.57]
[5,-253.95]
[5,-253.95]
[5,-253.95]
[5,-254.55]
[5,-254.55]
[5,-254.2]
[5,-254.26]
[5,-254.26]
[5,-254.28]
[5,-254.87]
[5,-254.87]
[5,-254.83]
[5,-254.83]
[5,-254.85]
[5,-255.45]
[5,-255.45]
[5,-254.8]
[5,-254.8]
[5,-254.8]
[5,-254.83]
[5,-255.08]
[5,-255.08]
[5,-255.6]
[5,-255.6]
[5,-255.62]
[5,-256.25]
[5,-256.25]
[5,-255.62]
[5,-255.62]
[5,-255.62]
[5,-255.98]
[5,-255.98]
[5,-255.89]
[5,-255.75]
[5,-255.75]
[5,-255.77]
[5,-256.4]
[5,-256.4]
[5,-255.81]
[5,-255.81]
[5,-255.81]
[5,-255.83]
[5,-256.17]
[5,-256.17]
[5,-256.65]
[5,-256.65]
[5,-256.67]
[5,-257.28]
[5,-257.28]
[5,-256.69]
[5,-256.69]
[5,-256.69]
[5,-257.0]
[5,-257.0]
[5,-256.94]
[5,-257.25]
[5,-257.25]
[5,-257.28]
[5,-257.86]
[5,-257.86]
[5,-257.28]
[5,-257.28]
[5,-257.3]
[5,-257.88]
[5,-257.88]
[5,-257.53]
[5,-257.57]
[5,-257.57]
[5,-257.59]
[5,-258.22]
[5,-258.22]
[5,-258.3]
[5,-258.3]
[5,-258.32]
[5,-258.91]
[5,-258.99]
[5,-258.97]
[5,-259.33]
[5,-259.33]
[5,-259.35]
[5,-259.98]
[5,-259.98]
[5,-259.39]
[5,-259.39]
[5,-259.39]
[5,-260.02]
[5,-260.02]
[5,-259.68]
[5,-259.77]
[5,-259.77]
[5,-259.79]
[5,-260.4]
[5,-260.4]
[5,-260.44]
[5,-260.44]
[5,-260.46]
[5,-261.02]
[5,-261.02]
[5,-260.46]
[5,-260.46]
[5,-260.46]
[5,-260.48]
[5,-260.71]
[5,-260.71]
[5,-261.25]
[5,-261.25]
[5,-261.28]
[5,-261.84]
[5,-261.84]
[5,-261.28]
[5,-261.28]
[5,-261.28]
[5,-261.57]
[5,-261.57]
[5,-261.51]
[5,-261.72]
[5,-261.72]
[5,-261.74]
[5,-262.32]
[5,-262.32]
[5,-261.78]
[5,-261.78]
[5,-261.78]
[5,-261.8]
[5,-262.09]
[5,-262.09]
[5,-262.53]
[5,-262.53]
[5,-262.55]
[5,-263.18]
[5,-263.18]
[5,-262.62]
[5,-262.62]
[5,-262.62]
[5,-262.87]
[5,-262.87]
[5,-262.85]
[5,-263.1]
[5,-263.1]
[5,-263.12]
[5,-263.71]
[5,-263.71]
[5,-263.12]
[5,-263.12]
[5,-263.12]
[5,-263.73]
[5,-263.73]
[5,-263.37]
[5,-263.37]
[5,-263.37]
[5,-263.39]
[5,-263.94]
[5,-263.94]
[5,-264.06]
[5,-264.06]
[5,-264.08]
[5,-264.63]
[5,-264.63]
[5,-264.04]
[5,-264.35]
[5,-264.35]
[5,-264.38]
[5,-264.94]
[5,-264.94]
[5,-264.35]
[5,-264.35]
[5,-264.35]
[5,-264.9]
[5,-264.9]
[5,-264.61]
[5,-264.65]
[5,-264.65]
[5,-264.67]
[5,-265.26]
[5,-265.26]
[5,-265.23]
[5,-265.23]
[5,-265.26]
[5,-265.86]
[5,-265.86]
[5,-265.28]
[5,-265.28]
[5,-265.28]
[5,-265.3]
[5,-265.55]
[5,-265.55]
[5,-266.18]
[5,-266.18]
[5,-266.2]
[5,-266.76]
[5,-266.76]
[5,-266.18]
[5,-266.18]
[5,-266.18]
[5,-266.47]
[5,-266.47]
[5,-266.39]
[5,-266.64]
[5,-266.64]
[5,-266.66]
[5,-267.24]
[5,-267.24]
[5,-266.66]
[5,-266.66]
[5,-266.66]
[5,-266.68]
[5,-267.04]
[5,-267.04]
[5,-267.52]
[5,-267.52]
[5,-267.54]
[5,-268.15]
[5,-268.15]
[5,-267.56]
[5,-267.56]
[5,-267.56]
[5,-267.83]
[5,-267.83]
[5,-267.81]
[5,-268.12]
[5,-268.12]
[5,-268.15]
[5,-268.73]
[5,-268.73]
[5,-268.17]
[5,-268.17]
[5,-268.17]
[5,-268.75]
[5,-268.75]
[5,-268.38]
[5,-268.38]
[5,-268.38]
[5,-268.4]
[5,-268.9]
[5,-268.9]
[5,-269.03]
[5,-269.03]
[5,-269.05]
[5,-269.63]
[5,-269.63]
[5,-269.05]
[5,-269.05]
[5,-269.05]
[5,-269.07]
[5,-269.63]
[5,-269.63]
[5,-269.05]
[5,-269.05]
[5,-269.05]
[5,-269.57]
[5,-269.57]
[5,-269.23]
[5,-269.23]
[5,-269.23]
[5,-269.26]
[5,-269.84]
[5,-269.84]
[5,-269.9]
[5,-269.9]
[5,-269.93]
[5,-270.51]
[5,-270.51]
[5,-269.93]
[5,-269.93]
[5,-269.93]
[5,-269.95]
[5,-270.16]
[5,-270.16]
[5,-270.64]
[5,-270.64]
[5,-270.66]
[5,-271.22]
[5,-271.22]
[5,-270.64]
[5,-270.64]
[5,-270.64]
[5,-270.95]
[5,-270.95]
[5,-270.87]
[5,-271.06]
[5,-271.06]
[5,-271.08]
[5,-271.62]
[5,-271.62]
[5,-271.2]
[5,-271.2]
[5,-271.2]
[5,-271.22]
[5,-271.5]
[5,-271.5]
[5,-272.02]
[5,-272.02]
[5,-272.04]
[5,-272.61]
[5,-272.61]
[5,-272.02]
[5,-272.02]
[5,-272.02]
[5,-272.25]
[5,-272.25]
[5,-272.23]
[5,-272.48]
[5,-272.48]
[5,-272.5]
[5,-273.09]
[5,-273.09]
[5,-272.56]
[5,-272.56]
[5,-272.56]
[5,-273.19]
[5,-273.19]
[5,-272.82]
[5,-272.82]
[5,-272.82]
[5,-272.84]
[5,-273.34]
[5,-273.34]
[5,-273.51]
[5,-273.51]
[5,-273.53]
[5,-274.14]
[5,-274.14]
[5,-273.55]
[5,-273.55]
[5,-273.55]
[5,-273.57]
[5,-273.72]
[5,-273.72]
[5,-273.13]
[5,-273.13]
[5,-273.13]
[5,-273.7]
[5,-273.7]
[5,-273.38]
[5,-273.38]
[5,-273.38]
[5,-273.4]
[5,-273.97]
[5,-273.97]
[5,-274.05]
[5,-274.05]
[5,-274.07]
[5,-274.64]
[5,-274.64]
[5,-274.05]
[5,-274.05]
[5,-274.05]
[5,-274.07]
[5,-274.26]
[5,-274.26]
[5,-274.76]
[5,-274.76]
[5,-274.78]
[5,-275.35]
[5,-275.35]
[5,-274.72]
[5,-274.72]
[5,-274.72]
[5,-275.06]
[5,-275.06]
[5,-274.97]
[5,-275.16]
[5,-275.16]
[5,-275.18]
[5,-275.77]
[5,-275.77]
[5,-275.33]
[5,-275.33]
[5,-275.33]
[5,-275.35]
[5,-275.6]
[5,-275.6]
[5,-276.17]
[5,-276.17]
[5,-276.19]
[5,-276.77]
[5,-276.77]
[5,-276.19]
[5,-276.19]
[5,-276.19]
[5,-276.5]
[5,-276.5]
[5,-276.46]
[5,-276.69]
[5,-276.69]
[5,-276.71]
[5,-277.3]
[5,-277.3]
[5,-276.82]
[5,-276.82]
[5,-276.84]
[5,-277.4]
[5,-277.4]
[5,-277.03]
[5,-277.03]
[5,-277.03]
[5,-277.05]
[5,-277.57]
[5,-277.57]
[5,-277.8]
[5,-277.8]
[5,-277.82]
[5,-278.39]
[5,-278.39]
[5,-277.82]
[5,-277.82]
[5,-277.82]
[5,-277.84]
[5,-277.99]
[5,-277.99]
[5,-278.47]
[5,-278.47]
[5,-278.47]
[5,-279.06]
[5,-279.06]
[5,-278.74]
[5,-278.74]
[5,-278.74]
[5,-278.76]
[5,-279.31]
[5,-279.31]
[5,-279.39]
[5,-279.39]
[5,-279.41]
[5,-280.0]
[5,-280.0]
[5,-279.5]
[5,-279.5]
[5,-279.5]
[5,-279.52]
[5,-279.69]
[5,-279.69]
[5,-280.19]
[5,-280.19]
[5,-280.21]
[5,-280.75]
[5,-280.75]
[5,-280.19]
[5,-280.19]
[5,-280.19]
[5,-280.52]
[5,-280.52]
[5,-280.44]
[5,-280.59]
[5,-280.59]
[5,-280.61]
[5,-281.15]
[5,-281.15]
[5,-280.73]
[5,-280.73]
[5,-280.75]
[5,-281.32]
[5,-281.32]
[5,-281.32]
[5,-281.82]
[5,-281.82]
[5,-281.84]
[5,-282.39]
[5,-282.39]
[5,-281.82]
[5,-281.82]
[5,-281.82]
[5,-282.12]
[5,-282.12]
[5,-282.03]
[5,-282.2]
[5,-282.2]
[5,-282.22]
[5,-282.79]
[5,-282.79]
[5,-282.35]
[5,-282.35]
[5,-282.37]
[5,-282.93]
[5,-282.93]
[5,-282.53]
[5,-282.53]
[5,-282.53]
[5,-282.55]
[5,-283.06]
[5,-283.06]
[5,-283.27]
[5,-283.27]
[5,-283.29]
[5,-283.85]
[5,-283.85]
[5,-283.29]
[5,-283.29]
[5,-283.29]
[5,-283.31]
[5,-283.43]
[5,-283.43]
[5,-283.85]
[5,-283.85]
[5,-283.85]
[5,-284.44]
[5,-284.44]
[5,-284.06]
[5,-284.06]
[5,-284.06]
[5,-284.08]
[5,-284.54]
[5,-284.54]
[5,-284.75]
[5,-284.75]
[5,-284.77]
[5,-285.34]
[5,-285.34]
[5,-284.75]
[5,-284.75]
[5,-284.75]
[5,-284.77]
[5,-284.94]
[5,-284.94]
[5,-285.42]
[5,-285.42]
[5,-285.45]
[5,-286.05]
[5,-286.05]
[5,-285.49]
[5,-285.49]
[5,-285.49]
[5,-285.84]
[5,-285.84]
[5,-285.74]
[5,-285.86]
[5,-285.86]
[5,-285.88]
[5,-286.43]
[5,-286.43]
[5,-286.12]
[5,-286.12]
[5,-286.14]
[5,-286.7]
[5,-286.7]
[5,-286.28]
[5,-286.28]
[5,-286.28]
[5,-286.3]
[5,-286.85]
[5,-286.85]
[5,-286.28]
[5,-286.28]
[5,-286.28]
[5,-286.58]
[5,-286.58]
[5,-286.49]
[5,-286.66]
[5,-286.66]
[5,-286.68]
[5,-287.23]
[5,-287.23]
[5,-286.83]
[5,-286.83]
[5,-286.85]
[5,-287.41]
[5,-287.41]
[5,-286.99]
[5,-286.99]
[5,-286.99]
[5,-287.02]
[5,-287.41]
[5,-287.41]
[5,-287.69]
[5,-287.69]
[5,-287.71]
[5,-288.27]
[5,-288.27]
[5,-287.73]
[5,-287.73]
[5,-287.73]
[5,-287.77]
[5,-287.85]
[5,-287.85]
[5,-288.23]
[5,-288.23]
[5,-288.25]
[5,-288.82]
[5,-288.82]
[5,-288.48]
[5,-288.48]
[5,-288.48]
[5,-288.5]
[5,-288.98]
[5,-288.98]
[5,-289.17]
[5,-289.17]
[5,-289.19]
[5,-289.76]
[5,-289.76]
[5,-289.19]
[5,-289.19]
[5,-289.19]
[5,-289.22]
[5,-289.34]
[5,-289.34]
[5,-289.78]
[5,-289.78]
[5,-289.8]
[5,-290.33]
[5,-290.33]
[5,-289.76]
[5,-289.76]
[5,-289.76]
[5,-290.14]
[5,-290.14]
[5,-290.01]
[5,-290.14]
[5,-290.14]
[5,-290.16]
[5,-290.72]
[5,-290.72]
[5,-290.45]
[5,-290.45]
[5,-290.47]
[5,-291.04]
[5,-291.04]
[5,-290.6]
[5,-290.6]
[5,-290.6]
[5,-290.62]
[5,-291.18]
[5,-291.18]
[5,-290.62]
[5,-290.62]
[5,-290.62]
[5,-290.93]
[5,-290.93]
[5,-290.89]
[5,-291.06]
[5,-291.06]
[5,-291.08]
[5,-291.62]
[5,-291.62]
[5,-291.2]
[5,-291.2]
[5,-291.2]
[5,-291.79]
[5,-291.79]
[5,-291.44]
[5,-291.44]
[5,-291.44]
[5,-291.46]
[5,-291.87]
[5,-291.87]
[5,-292.11]
[5,-292.11]
[5,-292.13]
[5,-292.71]
[5,-292.71]
[5,-292.13]
[5,-292.13]
[5,-292.13]
[5,-292.15]
[5,-292.23]
[5,-292.23]
[5,-292.63]
[5,-292.63]
[5,-292.65]
[5,-293.26]
[5,-293.26]
[5,-292.67]
[5,-292.67]
[5,-292.67]
[5,-292.69]
[5,-293.19]
[5,-293.19]
[5,-293.4]
[5,-293.4]
[5,-293.42]
[5,-294.01]
[5,-294.01]
[5,-293.45]
[5,-293.45]
[5,-293.45]
[5,-293.47]
[5,-293.59]
[5,-293.59]
[5,-294.05]
[5,-294.05]
[5,-294.07]
[5,-294.64]
[5,-294.64]
[5,-294.05]
[5,-294.05]
[5,-294.05]
[5,-294.43]
[5,-294.43]
[5,-294.28]
[5,-294.41]
[5,-294.41]
[5,-294.43]
[5,-295.02]
[5,-295.02]
[5,-294.72]
[5,-294.72]
[5,-294.74]
[5,-295.33]
[5,-295.33]
[5,-294.83]
[5,-294.83]
[5,-294.83]
[5,-294.85]
[5,-295.2]
[5,-295.2]
[5,-294.62]
[5,-294.62]
[5,-294.62]
[5,-294.93]
[5,-294.93]
[5,-294.85]
[5,-295.0]
[5,-295.0]
[5,-295.02]
[5,-295.6]
[5,-295.6]
[5,-295.23]
[5,-295.23]
[5,-295.25]
[5,-295.88]
[5,-295.88]
[5,-295.46]
[5,-295.46]
[5,-295.46]
[5,-295.48]
[5,-295.92]
[5,-295.92]
[5,-296.27]
[5,-296.27]
[5,-296.29]
[5,-296.88]
[5,-296.88]
[5,-296.34]
[5,-296.34]
[5,-296.34]
[5,-296.42]
[5,-296.5]
[5,-296.5]
[5,-296.9]
[5,-296.9]
[5,-296.92]
[5,-297.51]
[5,-297.51]
[5,-296.9]
[5,-296.9]
[5,-296.9]
[5,-297.36]
[5,-297.84]
[5,-297.84]
[5,-298.07]
[5,-298.07]
[5,-298.1]
[5,-298.64]
[5,-298.64]
[5,-298.07]
[5,-298.07]
[5,-298.07]
[5,-298.18]
[5,-298.33]
[5,-298.33]
[5,-298.81]
[5,-298.81]
[5,-298.83]
[5,-299.37]
[5,-299.37]
[5,-298.79]
[5,-298.79]
[5,-298.79]
[5,-299.25]
[5,-299.25]
[5,-299.08]
[5,-299.25]
[5,-299.25]
[5,-299.27]
[5,-299.85]
[5,-299.85]
[5,-299.6]
[5,-299.6]
[5,-299.62]
[5,-300.21]
[5,-300.21]
[5,-299.77]
[5,-299.77]
[5,-299.77]
[5,-299.79]
[5,-300.15]
[5,-300.15]
[5,-300.55]
[5,-300.55]
[5,-300.55]
[5,-300.94]
[5,-300.94]
[5,-300.86]
[5,-301.01]
[5,-301.01]
[5,-301.03]
[5,-301.57]
[5,-301.57]
[5,-301.24]
[5,-301.24]
[5,-301.26]
[5,-301.82]
[5,-301.82]
[5,-301.4]
[5,-301.4]
[5,-301.4]
[5,-301.43]
[5,-301.78]
[5,-301.78]
[5,-302.12]
[5,-302.12]
[5,-302.14]
[5,-302.7]
[5,-302.7]
[5,-302.16]
[5,-302.16]
[5,-302.16]
[5,-302.26]
[5,-302.35]
[5,-302.35]
[5,-302.7]
[5,-302.7]
[5,-302.72]
[5,-303.29]
[5,-303.29]
[5,-302.72]
[5,-302.72]
[5,-302.72]
[5,-303.21]
[5,-303.21]
[5,-302.98]
[5,-303.23]
[5,-303.23]
[5,-303.25]
[5,-303.83]
[5,-303.83]
[5,-303.29]
[5,-303.29]
[5,-303.29]
[5,-303.33]
[5,-303.42]
[5,-303.42]
[5,-303.83]
[5,-303.83]
[5,-303.85]
[5,-304.42]
[5,-304.42]
[5,-303.85]
[5,-303.85]
[5,-303.85]
[5,-304.29]
[5,-304.29]
[5,-304.09]
[5,-304.19]
[5,-304.19]
[5,-304.21]
[5,-304.78]
[5,-304.78]
[5,-304.61]
[5,-304.61]
[5,-304.63]
[5,-305.2]
[5,-305.2]
[5,-304.69]
[5,-304.69]
[5,-304.69]
[5,-304.71]
[5,-305.03]
[5,-305.03]
[5,-305.43]
[5,-305.43]
[5,-305.45]
[5,-306.05]
[5,-306.05]
[5,-305.82]
[5,-305.95]
[5,-305.95]
[5,-305.97]
[5,-306.56]
[5,-306.56]
[5,-306.31]
[5,-306.31]
[5,-306.33]
[5,-306.89]
[5,-306.89]
[5,-306.45]
[5,-306.45]
[5,-306.45]
[5,-306.47]
[5,-306.83]
[5,-306.83]
[5,-307.16]
[5,-307.16]
[5,-307.18]
[5,-307.73]
[5,-307.73]
[5,-307.16]
[5,-307.16]
[5,-307.16]
[5,-307.31]
[5,-307.39]
[5,-307.39]
[5,-307.75]
[5,-307.75]
[5,-307.77]
[5,-308.34]
[5,-308.34]
[5,-307.79]
[5,-307.79]
[5,-307.79]
[5,-308.29]
[5,-308.29]
[5,-308.02]
[5,-308.11]
[5,-308.11]
[5,-308.13]
[5,-308.67]
[5,-308.67]
[5,-308.13]
[5,-308.13]
[5,-308.13]
[5,-308.29]
[5,-308.38]
[5,-308.38]
[5,-308.73]
[5,-308.73]
[5,-308.76]
[5,-309.3]
[5,-309.3]
[5,-308.76]
[5,-308.76]
[5,-308.76]
[5,-309.28]
[5,-309.28]
[5,-308.99]
[5,-309.09]
[5,-309.09]
[5,-309.11]
[5,-309.68]
[5,-309.68]
[5,-309.55]
[5,-309.55]
[5,-309.57]
[5,-310.16]
[5,-310.16]
[5,-309.61]
[5,-309.61]
[5,-309.61]
[5,-309.64]
[5,-309.93]
[5,-309.93]
[5,-310.33]
[5,-310.33]
[5,-310.35]
[5,-310.93]
[5,-310.93]
[5,-310.37]
[5,-310.49]
[5,-310.49]
[5,-310.52]
[5,-311.1]
[5,-311.1]
[5,-310.87]
[5,-310.87]
[5,-310.89]
[5,-311.44]
[5,-311.44]
[5,-310.95]
[5,-310.95]
[5,-310.95]
[5,-310.98]
[5,-311.29]
[5,-311.29]
[5,-311.71]
[5,-311.71]
[5,-311.73]
[5,-312.32]
[5,-312.32]
[5,-311.73]
[5,-311.73]
[5,-311.73]
[5,-311.9]
[5,-311.94]
[5,-311.94]
[5,-312.27]
[5,-312.27]
[5,-312.3]
[5,-312.86]
[5,-312.86]
[5,-312.3]
[5,-312.3]
[5,-312.3]
[5,-312.8]
[5,-312.8]
[5,-312.57]
[5,-312.65]
[5,-312.65]
[5,-312.67]
[5,-313.26]
[5,-313.26]
[5,-312.67]
[5,-312.67]
[5,-312.67]
[5,-312.86]
[5,-312.94]
[5,-312.94]
[5,-313.32]
[5,-313.32]
[5,-313.34]
[5,-313.93]
[5,-313.93]
[5,-313.34]
[5,-313.34]
[5,-313.34]
[5,-313.93]
[5,-313.93]
[5,-313.61]
[5,-313.7]
[5,-313.7]
[5,-313.72]
[5,-314.31]
[5,-314.31]
[5,-314.22]
[5,-314.22]
[5,-314.24]
[5,-314.83]
[5,-314.83]
[5,-314.26]
[5,-314.26]
[5,-314.26]
[5,-314.28]
